 Number of surface minima:     8
   #       a.u.         eV      kcal/mol           X/Y/Z coordinate(Angstrom)
     1  0.00856077    0.232950    5.371966      -3.139173  -1.259372  -0.017181
     2  0.00854850    0.232616    5.364268      -3.134098  -1.125555  -0.543182
*    3 -0.05809330   -1.580799  -36.454127      -0.674659   2.977306  -0.039029
     4 -0.05808813   -1.580658  -36.450882       0.682200   2.974822  -0.027207
     5  0.00856081    0.232951    5.371993       3.140756  -1.256111   0.015539
     6  0.00854819    0.232608    5.364073       3.143926  -1.123817  -0.507898
     7  0.00854889    0.232627    5.364512       3.160497  -1.184397  -0.274939
     8  0.00854847    0.232616    5.364251       3.148936  -1.195958   0.314391
 
 Number of surface maxima:     5
   #       a.u.         eV      kcal/mol           X/Y/Z coordinate(Angstrom)
     1  0.01584541    0.431175    9.943150      -3.433810   0.450375  -0.034658
     2  0.02991198    0.813946   18.770065      -0.433216  -1.892245   1.742357
     3  0.02991960    0.814154   18.774848      -0.108238  -1.666583   1.664429
*    4  0.02993227    0.814498   18.782799       0.016443  -1.661458  -1.645622
     5  0.01584023    0.431035    9.939901       3.432582   0.453239  -0.044317
