 Number of surface minima:     4
   #       a.u.         eV      kcal/mol           X/Y/Z coordinate(Angstrom)
     1  0.00606137    0.164938    3.803569      -0.974767  -2.780535  -1.085029
     2  0.00616315    0.167708    3.867437      -0.044182  -2.905167  -0.145841
*    3 -0.05798610   -1.577882  -36.386859       0.053945   3.003059  -0.040691
     4  0.00605774    0.164839    3.801291       0.852769  -2.805161   1.020202
 
 Number of surface maxima:     8
   #       a.u.         eV      kcal/mol           X/Y/Z coordinate(Angstrom)
     1  0.01309599    0.356360    8.217867      -3.114112   0.621509  -1.228992
     2  0.01280410    0.348417    8.034703      -2.751219  -0.584837   0.469526
*    3  0.01911751    0.520214   11.996428      -2.134755  -2.627651   0.946741
     4  0.01619035    0.440562   10.159608      -0.707380  -1.474244  -2.640032
     5  0.01618996    0.440551   10.159361       0.740602  -1.475317   2.641199
     6  0.01909953    0.519725   11.985143       2.163782  -2.630492  -0.908221
     7  0.01281193    0.348630    8.039613       2.757642  -0.578118  -0.443378
     8  0.01309875    0.356435    8.219597       3.087115   0.643394   1.274650
